0.000010 0.000010 0.233181 0.766799
0.000010 0.000010 0.224351 0.775629
0.000010 0.000010 0.222709 0.777271
0.000010 0.000010 0.187282 0.812698
0.000010 0.000010 0.199300 0.800680
0.000010 0.000010 0.205293 0.794687
0.000010 0.000010 0.224436 0.775544
0.000010 0.000010 0.216229 0.783751
0.000010 0.000010 0.219315 0.780665
0.000010 0.000010 0.175081 0.824899
0.000010 0.000010 0.197677 0.802303
0.000010 0.000010 0.196930 0.803050
0.000010 0.000010 0.231259 0.768721
0.000010 0.000010 0.232497 0.767483
0.000010 0.000010 0.208636 0.791344
0.000010 0.000010 0.189581 0.810399
0.000010 0.000010 0.212808 0.787172
0.000010 0.000010 0.000010 0.999970
0.011637 0.001322 0.000010 0.987030
0.025464 0.000010 0.000010 0.974516
0.000010 0.000010 0.000010 0.999970
0.000010 0.000010 0.000010 0.999970
0.000010 0.000010 0.000010 0.999970
0.000010 0.000010 0.000010 0.999970
0.011910 0.000010 0.000010 0.988070
0.000010 0.000010 0.000010 0.999970
0.000010 0.000010 0.000010 0.999970
0.000010 0.000010 0.000010 0.999970
0.000010 0.000010 0.000010 0.999970
0.000010 0.000010 0.000010 0.999970
0.000010 0.000010 0.000010 0.999970
0.002408 0.007949 0.000010 0.989633
0.000010 0.000010 0.000010 0.999970
0.000010 0.000010 0.000010 0.999970
0.000010 0.008059 0.000010 0.991921
0.000010 0.000010 0.000010 0.999970
0.999970 0.000010 0.000010 0.000010
0.999970 0.000010 0.000010 0.000010
0.999970 0.000010 0.000010 0.000010
0.999970 0.000010 0.000010 0.000010
0.999970 0.000010 0.000010 0.000010
0.999970 0.000010 0.000010 0.000010
0.999970 0.000010 0.000010 0.000010
0.968803 0.031177 0.000010 0.000010
0.999963 0.000010 0.000017 0.000010
0.999970 0.000010 0.000010 0.000010
0.968600 0.000010 0.031380 0.000010
0.999970 0.000010 0.000010 0.000010
0.999970 0.000010 0.000010 0.000010
0.060550 0.933545 0.000010 0.005895
0.007276 0.992704 0.000010 0.000010
0.013039 0.006440 0.216435 0.764086
0.102077 0.117860 0.488012 0.292051
0.000010 0.100069 0.244880 0.655040
0.041869 0.052226 0.303326 0.602579
0.100638 0.042650 0.329363 0.527350
0.033990 0.146720 0.347920 0.471370
0.054439 0.230370 0.528379 0.186813
0.116490 0.186493 0.594377 0.102639
0.041315 0.159959 0.285854 0.512872
0.000010 0.088862 0.319062 0.592067
0.000010 0.412777 0.207143 0.380070
0.032731 0.198163 0.295373 0.473733
0.000010 0.132464 0.334417 0.533109
0.069833 0.109508 0.311563 0.509096
0.089226 0.309921 0.271332 0.329520
0.034191 0.000010 0.352327 0.613472
0.009677 0.131811 0.175151 0.683361
0.025128 0.008969 0.235142 0.730761
0.006799 0.127525 0.336257 0.529418
0.044460 0.240784 0.327031 0.387725
0.000010 0.218983 0.248537 0.532470
0.029026 0.005395 0.307713 0.657865
0.000010 0.119188 0.244428 0.636374
0.000010 0.075392 0.267040 0.657558
0.063715 0.474700 0.461575 0.000010
0.085306 0.555449 0.282997 0.076248
0.128686 0.176272 0.655569 0.039474
0.054013 0.373381 0.284508 0.288099
0.033058 0.136978 0.292863 0.537101
0.128959 0.331970 0.445508 0.093562
0.102695 0.505582 0.321333 0.070390
0.081773 0.271981 0.646236 0.000010
0.011915 0.255074 0.255755 0.477256
0.115579 0.282672 0.499561 0.102188
0.098194 0.177577 0.426120 0.298108
0.055809 0.361166 0.437153 0.145872
0.026460 0.342760 0.340264 0.290516
0.046770 0.410273 0.268836 0.274121
0.019968 0.060017 0.339868 0.580147
0.041187 0.281287 0.389695 0.287831
0.000010 0.999970 0.000010 0.000010
0.000010 0.999970 0.000010 0.000010
0.000010 0.999970 0.000010 0.000010
0.002843 0.997137 0.000010 0.000010
0.000010 0.999970 0.000010 0.000010
0.000010 0.999970 0.000010 0.000010
0.000010 0.999970 0.000010 0.000010
0.000010 0.999970 0.000010 0.000010
0.104810 0.584989 0.310191 0.000010
0.053248 0.946732 0.000010 0.000010
0.000010 0.939526 0.039484 0.020980
0.000010 0.999970 0.000010 0.000010
0.000010 0.999970 0.000010 0.000010
0.000010 0.999970 0.000010 0.000010
0.000010 0.999970 0.000010 0.000010
0.000010 0.999970 0.000010 0.000010
0.000010 0.999970 0.000010 0.000010
0.000010 0.999970 0.000010 0.000010
0.000010 0.999970 0.000010 0.000010
0.161524 0.116931 0.721534 0.000010
0.164804 0.217194 0.617992 0.000010
0.134882 0.218242 0.646866 0.000010
0.148633 0.271605 0.579752 0.000010
0.158755 0.174068 0.667167 0.000010
0.161836 0.214491 0.623663 0.000010
0.100181 0.176288 0.723521 0.000010
0.175149 0.188041 0.636800 0.000010
0.133524 0.220488 0.645978 0.000010
0.121118 0.285459 0.533649 0.059774
0.204036 0.100674 0.695280 0.000010
0.127005 0.165713 0.707273 0.000010
0.091336 0.066438 0.842216 0.000010
0.119142 0.205329 0.675519 0.000010
0.157016 0.197397 0.645576 0.000010
0.156862 0.199115 0.644013 0.000010
0.115911 0.206098 0.677981 0.000010
0.110555 0.116737 0.772698 0.000010
0.178131 0.139163 0.682695 0.000010
0.158630 0.120378 0.720981 0.000010
0.155134 0.016097 0.828759 0.000010
0.153866 0.000010 0.846114 0.000010
0.161800 0.008915 0.829276 0.000010
0.129850 0.000010 0.864805 0.005335
0.195392 0.022487 0.782111 0.000010
0.156153 0.016196 0.827642 0.000010
0.150271 0.000010 0.849709 0.000010
0.204754 0.000010 0.795226 0.000010
0.163097 0.000010 0.836883 0.000010
