0.815076 0.184914 0.000010
0.820239 0.179751 0.000010
0.820447 0.179543 0.000010
0.852742 0.147248 0.000010
0.838394 0.151363 0.010243
0.844959 0.155031 0.000010
0.816094 0.183896 0.000010
0.829221 0.170769 0.000010
0.821755 0.178235 0.000010
0.876248 0.123742 0.000010
0.846601 0.153389 0.000010
0.849086 0.150904 0.000010
0.820107 0.179883 0.000010
0.820237 0.179753 0.000010
0.847030 0.152960 0.000010
0.856346 0.143644 0.000010
0.831327 0.168663 0.000010
0.999980 0.000010 0.000010
0.991328 0.000010 0.008662
0.983351 0.000010 0.016639
0.999980 0.000010 0.000010
0.999980 0.000010 0.000010
0.999980 0.000010 0.000010
0.999980 0.000010 0.000010
0.999980 0.000010 0.000010
0.999980 0.000010 0.000010
0.999980 0.000010 0.000010
0.999980 0.000010 0.000010
0.999980 0.000010 0.000010
0.999980 0.000010 0.000010
0.999980 0.000010 0.000010
0.992112 0.000010 0.007878
0.999980 0.000010 0.000010
0.999980 0.000010 0.000010
0.992817 0.000010 0.007173
0.999980 0.000010 0.000010
0.000010 0.500055 0.499935
0.000010 0.559593 0.440397
0.000010 0.530989 0.469001
0.000010 0.518180 0.481810
0.000010 0.486788 0.513202
0.000010 0.592104 0.407886
0.000010 0.538667 0.461323
0.000010 0.534926 0.465064
0.000010 0.569111 0.430879
0.000010 0.560009 0.439981
0.000010 0.590548 0.409442
0.000010 0.493642 0.506348
0.000010 0.552972 0.447018
0.019511 0.010187 0.970302
0.000010 0.000010 0.999980
0.785170 0.208425 0.006405
0.311589 0.561488 0.126923
0.684384 0.220419 0.095197
0.627488 0.313571 0.058942
0.551650 0.370510 0.077841
0.497861 0.358663 0.143476
0.206632 0.584816 0.208552
0.115339 0.703451 0.181210
0.534225 0.302256 0.163520
0.618493 0.305196 0.076311
0.402837 0.186326 0.410837
0.497107 0.302581 0.200311
0.561299 0.325811 0.112890
0.528703 0.348729 0.122568
0.344946 0.320125 0.334929
0.638450 0.361540 0.000010
0.705841 0.161570 0.132589
0.758616 0.220506 0.020878
0.551072 0.341785 0.107143
0.406271 0.353571 0.240158
0.560690 0.222082 0.217228
0.684490 0.305788 0.009722
0.667492 0.214259 0.118249
0.688867 0.237092 0.074041
0.011593 0.527508 0.460899
0.087780 0.341532 0.570688
0.061216 0.761993 0.176790
0.306318 0.312451 0.381231
0.558393 0.305314 0.136293
0.103984 0.548972 0.347044
0.082079 0.392409 0.525512
0.017922 0.732704 0.249374
0.499946 0.250441 0.249613
0.116555 0.589446 0.293998
0.317415 0.490922 0.191662
0.166193 0.481627 0.352180
0.311609 0.354049 0.334343
0.289337 0.296637 0.414026
0.610471 0.332124 0.057405
0.309302 0.417255 0.273443
0.000014 0.000010 0.999976
0.000010 0.000010 0.999980
0.000010 0.000010 0.999980
0.000010 0.000010 0.999980
0.000010 0.000010 0.999980
0.000010 0.000010 0.999980
0.000010 0.000010 0.999980
0.000010 0.000010 0.999980
0.000010 0.393126 0.606864
0.000010 0.000010 0.999980
0.038635 0.016102 0.945263
0.000010 0.000010 0.999980
0.000010 0.000010 0.999980
0.000010 0.000010 0.999980
0.000010 0.000010 0.999980
0.000010 0.000010 0.999980
0.000010 0.000010 0.999980
0.000010 0.000010 0.999980
0.000010 0.000010 0.999980
0.000010 0.878227 0.121763
0.000010 0.765118 0.234872
0.000010 0.780940 0.219050
0.000010 0.716603 0.283387
0.000010 0.814430 0.185560
0.000010 0.774028 0.225962
0.000010 0.842457 0.157533
0.000010 0.787632 0.212358
0.005369 0.773686 0.220945
0.073744 0.631923 0.294333
0.000010 0.868778 0.131212
0.000010 0.838655 0.161335
0.000010 0.962416 0.037574
0.000010 0.800023 0.199967
0.010544 0.782124 0.207332
0.000010 0.792581 0.207409
0.000010 0.804553 0.195437
0.008883 0.892573 0.098544
0.000010 0.841639 0.158351
0.000010 0.874634 0.125356
0.000010 0.990435 0.009555
0.000010 0.999980 0.000010
0.000010 0.999980 0.000010
0.029132 0.970858 0.000010
0.007163 0.955956 0.036881
0.000010 0.992964 0.007026
0.011801 0.988189 0.000010
0.000010 0.984947 0.015043
0.000010 0.999980 0.000010
