0.815074 0.184916 0.000010
0.820236 0.179754 0.000010
0.820445 0.179545 0.000010
0.852740 0.147250 0.000010
0.838391 0.151366 0.010242
0.844956 0.155034 0.000010
0.816091 0.183899 0.000010
0.829218 0.170772 0.000010
0.821752 0.178238 0.000010
0.876245 0.123745 0.000010
0.846598 0.153392 0.000010
0.849083 0.150907 0.000010
0.820104 0.179886 0.000010
0.820234 0.179756 0.000010
0.847027 0.152963 0.000010
0.856343 0.143647 0.000010
0.831324 0.168666 0.000010
0.999980 0.000010 0.000010
0.991327 0.000010 0.008663
0.983350 0.000010 0.016640
0.999980 0.000010 0.000010
0.999980 0.000010 0.000010
0.999980 0.000010 0.000010
0.999980 0.000010 0.000010
0.999980 0.000010 0.000010
0.999980 0.000010 0.000010
0.999980 0.000010 0.000010
0.999980 0.000010 0.000010
0.999980 0.000010 0.000010
0.999980 0.000010 0.000010
0.999980 0.000010 0.000010
0.992111 0.000010 0.007879
0.999980 0.000010 0.000010
0.999980 0.000010 0.000010
0.992817 0.000010 0.007173
0.999980 0.000010 0.000010
0.000010 0.500039 0.499951
0.000010 0.559576 0.440414
0.000010 0.530974 0.469016
0.000010 0.518164 0.481826
0.000010 0.486770 0.513220
0.000010 0.592088 0.407902
0.000010 0.538648 0.461342
0.000010 0.534911 0.465079
0.000010 0.569095 0.430895
0.000010 0.559991 0.439999
0.000010 0.590533 0.409457
0.000010 0.493623 0.506367
0.000010 0.552956 0.447034
0.019509 0.010172 0.970319
0.000010 0.000010 0.999980
0.785168 0.208426 0.006406
0.311588 0.561484 0.126928
0.684382 0.220420 0.095198
0.627486 0.313571 0.058943
0.551648 0.370508 0.077844
0.497859 0.358662 0.143479
0.206631 0.584813 0.208556
0.115338 0.703446 0.181216
0.534223 0.302255 0.163521
0.618491 0.305196 0.076313
0.402836 0.186325 0.410840
0.497106 0.302580 0.200313
0.561297 0.325810 0.112892
0.528701 0.348728 0.122571
0.344945 0.320123 0.334932
0.638449 0.361541 0.000010
0.705840 0.161571 0.132589
0.758615 0.220506 0.020879
0.551071 0.341784 0.107145
0.406270 0.353569 0.240161
0.560689 0.222082 0.217229
0.684488 0.305789 0.009723
0.667490 0.214261 0.118249
0.688865 0.237093 0.074041
0.011592 0.527503 0.460905
0.087780 0.341528 0.570693
0.061215 0.761988 0.176797
0.306317 0.312449 0.381234
0.558392 0.305313 0.136295
0.103983 0.548967 0.347049
0.082078 0.392405 0.525517
0.017921 0.732699 0.249380
0.499945 0.250441 0.249614
0.116555 0.589442 0.294003
0.317414 0.490920 0.191666
0.166192 0.481623 0.352185
0.311607 0.354047 0.334345
0.289336 0.296634 0.414030
0.610469 0.332124 0.057406
0.309301 0.417253 0.273446
0.000010 0.000010 0.999980
0.000010 0.000010 0.999980
0.000010 0.000010 0.999980
0.000010 0.000010 0.999980
0.000010 0.000010 0.999980
0.000010 0.000010 0.999980
0.000010 0.000010 0.999980
0.000010 0.000010 0.999980
0.000010 0.393122 0.606868
0.000010 0.000010 0.999980
0.038634 0.016102 0.945263
0.000010 0.000010 0.999980
0.000010 0.000010 0.999980
0.000010 0.000010 0.999980
0.000010 0.000010 0.999980
0.000010 0.000010 0.999980
0.000010 0.000010 0.999980
0.000010 0.000010 0.999980
0.000010 0.000010 0.999980
0.000010 0.878220 0.121770
0.000010 0.765111 0.234879
0.000010 0.780933 0.219057
0.000010 0.716596 0.283394
0.000010 0.814422 0.185568
0.000010 0.774021 0.225969
0.000010 0.842451 0.157539
0.000010 0.787625 0.212365
0.005368 0.773680 0.220952
0.073743 0.631918 0.294339
0.000010 0.868770 0.131220
0.000010 0.838648 0.161342
0.000010 0.962411 0.037579
0.000010 0.800016 0.199974
0.010543 0.782118 0.207339
0.000010 0.792574 0.207416
0.000010 0.804547 0.195443
0.008881 0.892567 0.098551
0.000010 0.841632 0.158358
0.000010 0.874626 0.125364
0.000010 0.990427 0.009563
0.000010 0.999980 0.000010
0.000010 0.999980 0.000010
0.029131 0.970859 0.000010
0.007163 0.955948 0.036889
0.000010 0.992957 0.007033
0.011798 0.988192 0.000010
0.000010 0.984939 0.015051
0.000010 0.999980 0.000010
